[MCMC_objectives]
report.type: MCMC_objectives
Original covariance matrix:
1.4961e-09 -2.82829 6.40938e-06 3.33788e-06
-2.82829 5.83449e+09 -6405.04 -3098.06
6.40938e-06 -6405.04 0.211802 0.158556
3.33788e-06 -3098.06 0.158556 0.24515
Proposal distribution covariance matrix:
1e-06 -61.107 0.000165705 8.62959e-05
-73.1213 5.83449e+09 -6405.04 -3098.06
0.000165705 -6405.04 0.211802 0.158556
8.62959e-05 -3098.06 0.158556 0.24515
Cholesky decomposition matrix:
0.001 0 0 0
-73121.3 22085.5 0 0
0.165705 0.258609 0.342732 0
0.0862959 0.145435 0.311163 0.346019
MCMC objective function values:
iteration score penalty prior likelihood acceptance_rate acceptance_rate_since_adapt stepsize
500 280.756 0 0 621.951 0.01 0.01 1.2
1000 280.144 0 0 599.203 0.009 0.009 1.2
1500 281.002 0 0 311.638 0.062 0.168 0.045
2000 280.031 0 0 288.556 0.098 0.187 0.045
2500 281.003 0 0 328.586 0.1152 0.186 0.045
3000 282.73 0 0 316.202 0.128667 0.1885 0.045
3500 281.024 0 0 281.024 0.135429 0.186 0.045
4000 283.005 0 0 294.884 0.144 0.189 0.045
4500 280.742 0 0 295.89 0.150222 0.190571 0.045
5000 280.571 0 0 289.915 0.1594 0.197 0.045
5500 281.057 0 0 292.314 0.165818 0.200667 0.045
6000 280.573 0 0 340.391 0.177167 0.2108 0.045
6500 280.327 0 0 317.91 0.181231 0.212545 0.045
7000 282.599 0 0 301.027 0.190571 0.220833 0.045
7500 280.183 0 0 280.183 0.1948 0.223385 0.045
8000 279.741 0 0 294.709 0.200125 0.227429 0.045
8500 280.344 0 0 295.364 0.203294 0.2292 0.045
9000 280.443 0 0 297.24 0.206778 0.2315 0.045
9500 282.06 0 0 284.637 0.212 0.235882 0.045
10000 281.081 0 0 300.094 0.2166 0.239667 0.045
10500 282.258 0 0 360.792 0.219905 0.286 0.0449375
11000 281.849 0 0 281.849 0.222545 0.282 0.0449375
11500 280.192 0 0 287.805 0.225565 0.285333 0.0449375
12000 279.546 0 0 286.697 0.22625 0.2745 0.0449375
12500 279.894 0 0 284.061 0.22744 0.2708 0.0449375
13000 280.224 0 0 328.66 0.227692 0.264667 0.0449375
13500 279.981 0 0 303.56 0.227556 0.258857 0.0449375
14000 281.616 0 0 324.206 0.228571 0.2585 0.0449375
14500 281.283 0 0 287.312 0.22931 0.257556 0.0449375
15000 280.477 0 0 318.424 0.23 0.2568 0.0449375
15500 279.922 0 0 302.173 0.23071 0.256364 0.0449375
16000 279.545 0 0 459.475 0.231187 0.2555 0.0449375
16500 282.089 0 0 282.089 0.232061 0.255846 0.0449375
17000 280.617 0 0 280.617 0.232235 0.254571 0.0449375
17500 282.235 0 0 282.235 0.232286 0.2532 0.0449375
18000 280.85 0 0 282.434 0.233944 0.255625 0.0449375
18500 280.101 0 0 288.262 0.235622 0.258 0.0449375
19000 281.898 0 0 281.898 0.236842 0.259333 0.0449375
19500 281.69 0 0 285.039 0.238462 0.261474 0.0449375
20000 281.352 0 0 286.918 0.23815 0.2597 0.0449375
20500 281.233 0 0 281.233 0.237805 0.224 0.0486261
21000 279.688 0 0 320.219 0.237571 0.226 0.0486261
21500 281.219 0 0 348.528 0.238884 0.248667 0.0486261
22000 280.169 0 0 286.314 0.238818 0.2455 0.0486261
22500 283.79 0 0 301.593 0.2404 0.2584 0.0486261
23000 282.375 0 0 357.184 0.241348 0.262667 0.0486261
23500 280.63 0 0 280.63 0.240681 0.255143 0.0486261
24000 284.33 0 0 358.522 0.240917 0.25475 0.0486261
24500 284.025 0 0 285.182 0.241429 0.256 0.0486261
25000 282.315 0 0 282.315 0.24216 0.2582 0.0486261
25500 281.002 0 0 284.788 0.242627 0.258909 0.0486261
26000 281.88 0 0 301.628 0.242769 0.258167 0.0486261
26500 279.652 0 0 314.515 0.242868 0.257385 0.0486261
27000 281.544 0 0 285.738 0.242296 0.254143 0.0486261
27500 281.569 0 0 283.112 0.242145 0.2528 0.0486261
28000 280.039 0 0 286.511 0.241643 0.250375 0.0486261
28500 279.591 0 0 284.206 0.242561 0.252941 0.0486261
29000 280 0 0 283.619 0.242241 0.251333 0.0486261
29500 279.521 0 0 306.433 0.241932 0.249895 0.0486261
30000 280.122 0 0 285.63 0.241633 0.2486 0.0486261
30500 279.566 0 0 307.41 0.240951 0.2 0.0503686
31000 282.117 0 0 374.508 0.240677 0.212 0.0503686
31500 279.934 0 0 381.851 0.240603 0.22 0.0503686
32000 280.841 0 0 313.238 0.240875 0.2295 0.0503686
32500 281.577 0 0 284.002 0.241077 0.2344 0.0503686
33000 281.95 0 0 299.226 0.241152 0.236333 0.0503686
33500 280.801 0 0 330.657 0.241612 0.241429 0.0503686
34000 280.413 0 0 328.4 0.241824 0.24325 0.0503686
34500 280.637 0 0 280.637 0.241275 0.238889 0.0503686
35000 280.072 0 0 286.142 0.2408 0.2358 0.0503686
35500 279.852 0 0 365.412 0.240394 0.233636 0.0503686
36000 280.746 0 0 284.02 0.240083 0.232333 0.0503686
36500 279.689 0 0 335.327 0.239452 0.229385 0.0503686
37000 280.466 0 0 302.553 0.239027 0.227857 0.0503686
37500 280.503 0 0 326.546 0.238667 0.2268 0.0503686
38000 282.417 0 0 282.417 0.238263 0.225625 0.0503686
38500 279.853 0 0 291.625 0.237922 0.224824 0.0503686
39000 279.288 0 0 295.58 0.237923 0.225556 0.0503686
39500 285.414 0 0 290.317 0.238203 0.227368 0.0503686
40000 280.525 0 0 280.525 0.23825 0.2281 0.0503686
40500 280.394 0 0 313.427 0.238617 0.268 0.0478711
41000 280.848 0 0 643.794 0.23922 0.278 0.0478711
41500 280.84 0 0 281.772 0.239325 0.268 0.0478711
42000 279.548 0 0 299.064 0.238929 0.2525 0.0478711
42500 280.307 0 0 365.609 0.239176 0.254 0.0478711
43000 281.479 0 0 507.19 0.238884 0.247333 0.0478711
43500 280.193 0 0 284.218 0.238713 0.244 0.0478711
44000 280.92 0 0 303.679 0.238318 0.239 0.0478711
44500 280.287 0 0 285.218 0.237775 0.233556 0.0478711
45000 279.515 0 0 383.172 0.237289 0.2296 0.0478711
45500 282.064 0 0 282.064 0.236703 0.225455 0.0478711
46000 281.077 0 0 295.275 0.236283 0.223167 0.0478711
46500 280.189 0 0 282.838 0.236065 0.222615 0.0478711
47000 286.46 0 0 288.649 0.236149 0.224143 0.0478711
47500 283.389 0 0 298.485 0.236379 0.2264 0.0478711
48000 280.067 0 0 287.147 0.235833 0.22375 0.0478711
48500 279.556 0 0 362.849 0.235588 0.223059 0.0478711
49000 279.759 0 0 302.499 0.235408 0.222778 0.0478711
49500 281.955 0 0 330.971 0.235818 0.225579 0.0478711
50000 283.576 0 0 284.977 0.23642 0.2291 0.0478711
50500 280.205 0 0 291.69 0.237267 0.322 0.045697
51000 280.56 0 0 280.56 0.237529 0.293 0.045697
51500 280.258 0 0 297.844 0.238272 0.3 0.045697
52000 280.822 0 0 280.822 0.238712 0.296 0.045697
52500 279.397 0 0 289.773 0.238819 0.2868 0.045697
53000 280.229 0 0 289.315 0.238962 0.281333 0.045697
53500 279.777 0 0 350.494 0.23843 0.267143 0.045697
54000 279.928 0 0 279.928 0.237926 0.25675 0.045697
54500 281.929 0 0 320.089 0.237229 0.246222 0.045697
55000 279.57 0 0 287.01 0.236836 0.241 0.045697
55500 280.012 0 0 281.621 0.23645 0.236727 0.045697
56000 279.857 0 0 285.113 0.235911 0.231667 0.045697
56500 282.354 0 0 315.234 0.235593 0.229231 0.045697
57000 282.059 0 0 286.347 0.235193 0.226429 0.045697
57500 281.639 0 0 282.335 0.234835 0.224267 0.045697
58000 281.414 0 0 300.426 0.233879 0.218 0.045697
58500 281.089 0 0 281.089 0.233265 0.214706 0.045697
59000 281.406 0 0 281.406 0.232932 0.213556 0.045697
59500 281.168 0 0 288.769 0.232521 0.212 0.045697
60000 281.035 0 0 390.416 0.2319 0.2093 0.045697
60500 281.504 0 0 281.504 0.231355 0.207238 0.045697
61000 282.41 0 0 302.577 0.230902 0.205818 0.045697
61500 282.83 0 0 282.83 0.230341 0.203913 0.045697
62000 280.828 0 0 280.828 0.229774 0.202083 0.045697
62500 285.228 0 0 285.228 0.2292 0.20032 0.045697
63000 280.034 0 0 283.53 0.228651 0.198769 0.045697
63500 281.449 0 0 289.966 0.228205 0.197778 0.045697
64000 280.193 0 0 280.193 0.227734 0.196714 0.045697
64500 283.593 0 0 297.975 0.227364 0.196138 0.045697
65000 282.967 0 0 415.399 0.226985 0.195533 0.045697
65500 284.458 0 0 313.641 0.226595 0.194903 0.045697
66000 280.553 0 0 297.177 0.226394 0.195062 0.045697
66500 279.891 0 0 309.881 0.226256 0.195455 0.045697
67000 281.55 0 0 327.267 0.22606 0.195588 0.045697
67500 279.937 0 0 369.817 0.225956 0.196057 0.045697
68000 280.36 0 0 349.465 0.225735 0.196056 0.045697
68500 280.75 0 0 285.787 0.225708 0.196757 0.045697
69000 280.088 0 0 280.088 0.22587 0.198105 0.045697
69500 281.226 0 0 281.226 0.225727 0.198308 0.045697
70000 280.733 0 0 280.733 0.2258 0.19925 0.045697
70500 281.08 0 0 288.745 0.225674 0.199463 0.045697
71000 279.551 0 0 281.455 0.225775 0.200429 0.045697
71500 280.06 0 0 284.308 0.225804 0.201116 0.045697
72000 279.991 0 0 760.397 0.225778 0.201591 0.045697
72500 280.433 0 0 280.433 0.225697 0.201867 0.045697
73000 283.966 0 0 378.993 0.225534 0.20187 0.045697
73500 279.894 0 0 279.894 0.225279 0.201574 0.045697
74000 283.098 0 0 292.311 0.225324 0.202208 0.045697
74500 282.108 0 0 513.945 0.225289 0.202571 0.045697
75000 280.397 0 0 280.397 0.225187 0.20272 0.045697
75500 281.419 0 0 314.505 0.225205 0.203216 0.045697
76000 279.716 0 0 290.442 0.225132 0.203423 0.045697
76500 279.625 0 0 296.545 0.225072 0.20366 0.045697
77000 280.568 0 0 334.093 0.225091 0.204111 0.045697
77500 280.648 0 0 298.366 0.224916 0.204 0.045697
78000 280.298 0 0 289.186 0.224795 0.204036 0.045697
78500 280.649 0 0 290.528 0.224854 0.204561 0.045697
79000 281.118 0 0 297.698 0.224835 0.204862 0.045697
79500 281.404 0 0 360.613 0.22473 0.204915 0.045697
80000 283.505 0 0 519.76 0.224525 0.2047 0.045697
80500 284.487 0 0 287.944 0.224907 0.286 0.0389757
81000 279.292 0 0 292.871 0.225247 0.283 0.0389757
81500 279.62 0 0 342.855 0.225509 0.278 0.0389757
82000 281.824 0 0 338.723 0.2255 0.2645 0.0389757
82500 283.266 0 0 290.407 0.225576 0.2592 0.0389757
83000 285.922 0 0 288.81 0.225458 0.250333 0.0389757
83500 287.017 0 0 287.017 0.225413 0.245714 0.0389757
84000 281.807 0 0 313.781 0.225298 0.24075 0.0389757
84500 282.966 0 0 284.714 0.225278 0.238667 0.0389757
85000 282.062 0 0 287.082 0.225094 0.2342 0.0389757
85500 281.167 0 0 288.995 0.224936 0.230909 0.0389757
86000 283.158 0 0 294.254 0.224721 0.227333 0.0389757
86500 279.771 0 0 567.606 0.22474 0.227385 0.0389757
87000 282.577 0 0 282.577 0.224621 0.225714 0.0389757
87500 280.953 0 0 2934.06 0.22456 0.224933 0.0389757
88000 280.048 0 0 298.637 0.224443 0.223625 0.0389757
88500 280.304 0 0 285.144 0.224192 0.221059 0.0389757
89000 282.037 0 0 283.357 0.223955 0.218889 0.0389757
89500 281.198 0 0 284.624 0.223844 0.218105 0.0389757
90000 280.636 0 0 282.813 0.223756 0.2176 0.0389757
90500 280.074 0 0 336.879 0.223956 0.26 0.035338
91000 280.709 0 0 337.736 0.224121 0.257 0.035338
91500 282.634 0 0 623.134 0.224109 0.245333 0.035338
92000 283.734 0 0 477.71 0.223837 0.2275 0.035338
92500 284.091 0 0 284.091 0.223784 0.2248 0.035338
93000 280.321 0 0 295.072 0.223634 0.22 0.035338
93500 280.415 0 0 329.082 0.223444 0.215429 0.035338
94000 282.931 0 0 299.995 0.223426 0.216 0.035338
94500 280.847 0 0 282.858 0.223196 0.212 0.035338
95000 280.422 0 0 294.302 0.222926 0.208 0.035338
95500 280.54 0 0 280.54 0.222785 0.206909 0.035338
96000 280.54 0 0 288.929 0.22275 0.207667 0.035338
96500 282.191 0 0 365.278 0.222694 0.208 0.035338
97000 280.785 0 0 280.785 0.222701 0.209143 0.035338
97500 284.528 0 0 284.528 0.222677 0.209733 0.035338
98000 280.176 0 0 282.242 0.222612 0.20975 0.035338
98500 284.206 0 0 286.615 0.222721 0.211765 0.035338
99000 281.828 0 0 281.828 0.222455 0.209444 0.035338
99500 284.032 0 0 286.225 0.222161 0.207053 0.035338
100000 283.024 0 0 283.156 0.2221 0.2072 0.035338
100500 282.208 0 0 299.404 0.221791 0.16 0.0305085
101000 281.349 0 0 309.201 0.221772 0.189 0.0305085
101500 281.196 0 0 417.487 0.221655 0.192 0.0305085
102000 282.322 0 0 290.425 0.221706 0.202 0.0305085
102500 281.599 0 0 283.508 0.221473 0.1964 0.0305085
103000 281.862 0 0 281.862 0.221437 0.199333 0.0305085
103500 280.762 0 0 282.602 0.221227 0.196286 0.0305085
104000 280.831 0 0 329.185 0.220923 0.1915 0.0305085
104500 281.795 0 0 288.883 0.220603 0.187333 0.0305085
105000 282.409 0 0 295.432 0.220467 0.1878 0.0305085
105500 282.2 0 0 288.279 0.220322 0.188 0.0305085
106000 280.91 0 0 336.811 0.220075 0.186333 0.0305085
106500 280.477 0 0 335.041 0.219934 0.186615 0.0305085
107000 280.661 0 0 295.023 0.21985 0.187714 0.0305085
107500 282.39 0 0 282.39 0.219879 0.190267 0.0305085
108000 281.019 0 0 375.825 0.219889 0.19225 0.0305085
108500 281.299 0 0 281.299 0.219677 0.191176 0.0305085
109000 280.927 0 0 283.036 0.219596 0.191778 0.0305085
109500 281.081 0 0 287.725 0.219324 0.190105 0.0305085
110000 281.454 0 0 322.878 0.219064 0.1887 0.0305085
110500 281.251 0 0 1792.74 0.218941 0.188857 0.0305085
111000 281.242 0 0 400.347 0.218811 0.188909 0.0305085
111500 281.775 0 0 282.997 0.218825 0.190348 0.0305085
112000 280.64 0 0 286.345 0.218804 0.191333 0.0305085
112500 282.258 0 0 287.545 0.218791 0.19232 0.0305085
113000 281.273 0 0 633.325 0.218646 0.192077 0.0305085
113500 280.497 0 0 280.497 0.218493 0.191778 0.0305085
114000 280.691 0 0 354.496 0.218298 0.191143 0.0305085
114500 280.653 0 0 320.046 0.218192 0.191241 0.0305085
115000 281.447 0 0 341.971 0.217957 0.190333 0.0305085
115500 281.506 0 0 283.961 0.217818 0.190194 0.0305085
116000 280.854 0 0 287.656 0.217638 0.18975 0.0305085
116500 283.263 0 0 283.263 0.217348 0.188545 0.0305085
117000 280.737 0 0 281.571 0.217171 0.188176 0.0305085
117500 281.001 0 0 281.001 0.216996 0.187829 0.0305085
118000 282.799 0 0 292.153 0.216847 0.187667 0.0305085
118500 283.43 0 0 316.191 0.216861 0.188541 0.0305085
119000 282.228 0 0 342.352 0.216655 0.188 0.0305085
119500 285.119 0 0 452.979 0.216502 0.187795 0.0305085
120000 283.074 0 0 333.945 0.216392 0.18785 0.0305085
120500 284.454 0 0 289.803 0.216149 0.187122 0.0305085
121000 284.025 0 0 292.133 0.216066 0.187333 0.0305085
121500 283.774 0 0 287.964 0.215885 0.186977 0.0305085
122000 284.416 0 0 287.392 0.215754 0.186909 0.0305085
122500 283.931 0 0 284.767 0.215616 0.1868 0.0305085
123000 284.89 0 0 284.89 0.215382 0.186174 0.0305085
123500 287.034 0 0 287.034 0.215126 0.185447 0.0305085
124000 286.18 0 0 348.448 0.21504 0.185625 0.0305085
124500 283.609 0 0 311.264 0.214819 0.185102 0.0305085
125000 281.7 0 0 285.357 0.214528 0.18424 0.0305085
125500 285.848 0 0 289.857 0.214319 0.183804 0.0305085
126000 282.284 0 0 610.332 0.214095 0.183308 0.0305085
126500 281.361 0 0 282.16 0.213858 0.182755 0.0305085
127000 282.467 0 0 285.636 0.213559 0.181926 0.0305085
127500 284.427 0 0 306.261 0.213302 0.181309 0.0305085
128000 282.308 0 0 289.598 0.213133 0.181107 0.0305085
128500 282.411 0 0 361.915 0.212911 0.180667 0.0305085
129000 282.308 0 0 329.571 0.212659 0.180103 0.0305085
129500 281.61 0 0 2523 0.212417 0.179593 0.0305085
130000 282.452 0 0 490.586 0.212069 0.178633 0.0305085
130500 282.423 0 0 283.751 0.211839 0.178197 0.0305085
131000 281.956 0 0 287.704 0.211634 0.177871 0.0305085
131500 283.163 0 0 341.654 0.211384 0.177365 0.0305085
132000 282.423 0 0 335.995 0.211212 0.177187 0.0305085
132500 284.034 0 0 284.034 0.210891 0.1764 0.0305085
133000 281.727 0 0 391.82 0.210684 0.176091 0.0305085
133500 282.092 0 0 282.092 0.210382 0.175403 0.0305085
134000 282.599 0 0 298.587 0.210112 0.174853 0.0305085
134500 281.79 0 0 281.79 0.209799 0.174145 0.0305085
135000 282.695 0 0 445.151 0.20963 0.174 0.0305085
135500 282.11 0 0 430.97 0.209446 0.173803 0.0305085
136000 281.64 0 0 281.64 0.209243 0.173528 0.0305085
136500 282.515 0 0 282.784 0.20904 0.17326 0.0305085
137000 281.414 0 0 518.649 0.208934 0.173351 0.0305085
137500 281.719 0 0 353.23 0.208735 0.173093 0.0305085
138000 282.057 0 0 310.387 0.208645 0.173237 0.0305085
138500 281.468 0 0 282.721 0.208469 0.173065 0.0305085
139000 283.734 0 0 423.138 0.208209 0.17259 0.0305085
139500 281.844 0 0 297.171 0.207935 0.172076 0.0305085
140000 281.545 0 0 281.545 0.207707 0.171725 0.0305085
140500 283.341 0 0 288.206 0.207559 0.171654 0.0305085
141000 283.46 0 0 1017.76 0.207284 0.171146 0.0305085
141500 282.615 0 0 282.615 0.207067 0.170843 0.0305085
142000 282.046 0 0 288.957 0.206873 0.170619 0.0305085
142500 282.825 0 0 284.968 0.206758 0.170659 0.0305085
143000 281.824 0 0 287.434 0.206615 0.170605 0.0305085
143500 281.504 0 0 371.341 0.206495 0.170621 0.0305085
144000 281.389 0 0 388.48 0.206285 0.170341 0.0305085
144500 281.61 0 0 285.867 0.206021 0.169888 0.0305085
145000 283.18 0 0 283.964 0.205834 0.169689 0.0305085
145500 282.657 0 0 284.702 0.20556 0.169209 0.0305085
146000 281.773 0 0 362.209 0.205349 0.168935 0.0305085
146500 281.883 0 0 285.934 0.205085 0.168495 0.0305085
147000 281.799 0 0 583.802 0.204857 0.16817 0.0305085
147500 281.835 0 0 334.817 0.204759 0.168253 0.0305085
148000 283.941 0 0 287.399 0.204554 0.168 0.0305085
148500 284.342 0 0 296.832 0.204377 0.167835 0.0305085
149000 284.278 0 0 286.169 0.204101 0.167367 0.0305085
149500 282.343 0 0 375.812 0.20392 0.167192 0.0305085
150000 281.387 0 0 419.62 0.203773 0.16712 0.0305085
150500 281.905 0 0 322.2 0.203734 0.167366 0.0305085
151000 281.38 0 0 282.212 0.203629 0.167412 0.0305085
151500 281.225 0 0 284.462 0.203452 0.167243 0.0305085
152000 282.194 0 0 814.722 0.203289 0.167115 0.0305085
152500 281.279 0 0 284.578 0.203102 0.166914 0.0305085
153000 281.958 0 0 309.104 0.202889 0.166642 0.0305085
153500 282.887 0 0 300.251 0.202749 0.166579 0.0305085
154000 283.951 0 0 283.951 0.202643 0.166611 0.0305085
154500 285.408 0 0 291.599 0.202472 0.166459 0.0305085
155000 286.906 0 0 286.906 0.202323 0.166364 0.0305085
155500 287.072 0 0 287.072 0.202141 0.16618 0.0305085
156000 288.738 0 0 305.745 0.201994 0.166089 0.0305085
156500 291.005 0 0 506.754 0.201744 0.165717 0.0305085
157000 288.013 0 0 651.68 0.201586 0.165596 0.0305085
157500 284.348 0 0 284.348 0.201429 0.165478 0.0305085
158000 281.379 0 0 283.881 0.20143 0.165793 0.0305085
158500 281.799 0 0 281.799 0.201268 0.165658 0.0305085
159000 282.077 0 0 584.696 0.201145 0.165627 0.0305085
159500 281.505 0 0 803.821 0.201097 0.165798 0.0305085
160000 281.621 0 0 477.891 0.200937 0.165667 0.0305085
160500 282.43 0 0 282.43 0.200791 0.16557 0.0305085
161000 282.983 0 0 464.603 0.200696 0.165607 0.0305085
161500 282.057 0 0 282.596 0.200588 0.16561 0.0305085
162000 282.086 0 0 369.742 0.200407 0.165419 0.0305085
162500 282.007 0 0 347.923 0.200265 0.165328 0.0305085
163000 282.098 0 0 407.927 0.200117 0.165222 0.0305085
163500 281.546 0 0 281.546 0.199982 0.16515 0.0305085
164000 281.999 0 0 318.752 0.199866 0.165125 0.0305085
164500 282.513 0 0 315.281 0.199678 0.164915 0.0305085
165000 281.617 0 0 296.214 0.199527 0.1648 0.0305085
165500 282.053 0 0 286.838 0.199323 0.16455 0.0305085
166000 281.212 0 0 319.387 0.199175 0.164439 0.0305085
166500 282.098 0 0 283.357 0.199045 0.164376 0.0305085
167000 282.084 0 0 309.074 0.198886 0.164239 0.0305085
167500 281.283 0 0 344.164 0.198782 0.164237 0.0305085
168000 282.524 0 0 282.524 0.198738 0.164382 0.0305085
168500 282.813 0 0 309.4 0.198665 0.164453 0.0305085
169000 282.743 0 0 320.82 0.198574 0.164478 0.0305085
169500 282.961 0 0 485.624 0.198472 0.164475 0.0305085
170000 281.911 0 0 281.911 0.198465 0.1647 0.0305085
170500 283.26 0 0 366.421 0.198405 0.164794 0.0305085
171000 285.029 0 0 293.639 0.198444 0.165127 0.0305085
171500 282.629 0 0 282.629 0.198356 0.165147 0.0305085
172000 282.484 0 0 455.599 0.198337 0.165333 0.0305085
172500 282.48 0 0 288.582 0.198307 0.16549 0.0305085
173000 281.323 0 0 289.796 0.19822 0.165507 0.0305085
173500 281.398 0 0 375.32 0.198236 0.165769 0.0305085
174000 281.179 0 0 390.245 0.198052 0.165554 0.0305085
174500 281.445 0 0 1011.92 0.197937 0.165503 0.0305085
175000 282.546 0 0 285.68 0.197909 0.165653 0.0305085
175500 281.78 0 0 359.154 0.197806 0.165629 0.0305085
176000 282.716 0 0 282.716 0.197761 0.165737 0.0305085
176500 281.854 0 0 304.025 0.19766 0.165712 0.0305085
177000 281.064 0 0 338.129 0.197588 0.165753 0.0305085
177500 281.517 0 0 317.39 0.19747 0.16569 0.0305085
178000 281.253 0 0 283.863 0.197433 0.165808 0.0305085
178500 283.37 0 0 306.52 0.197333 0.165783 0.0305085
179000 283.79 0 0 322.51 0.197218 0.165722 0.0305085
179500 281.249 0 0 300.778 0.197209 0.165899 0.0305085
180000 281.932 0 0 286.38 0.197094 0.165837 0.0305085
180500 282.104 0 0 289.41 0.19703 0.165888 0.0305085
181000 281.735 0 0 334.624 0.196945 0.165889 0.0305085
181500 283.852 0 0 283.852 0.196893 0.165963 0.0305085
182000 283.086 0 0 286.845 0.196769 0.165878 0.0305085
182500 282.481 0 0 288.042 0.196795 0.166121 0.0305085
183000 282.203 0 0 288.858 0.196732 0.166169 0.0305085
183500 281.173 0 0 281.347 0.196605 0.166072 0.0305085
184000 282.367 0 0 288.898 0.196505 0.166036 0.0305085
184500 282.937 0 0 282.937 0.196477 0.166154 0.0305085
185000 281.337 0 0 290.58 0.196443 0.166259 0.0305085
185500 280.842 0 0 283.177 0.196447 0.166444 0.0305085
186000 282.726 0 0 310.434 0.196382 0.166477 0.0305085
186500 283 0 0 366.472 0.196354 0.16659 0.0305085
187000 280.987 0 0 390.591 0.196316 0.166678 0.0305085
187500 281.499 0 0 281.499 0.196336 0.166891 0.0305085
188000 280.892 0 0 338.486 0.196282 0.166943 0.0305085
188500 282.336 0 0 286.345 0.196313 0.167175 0.0305085
189000 283.497 0 0 288.58 0.196275 0.167258 0.0305085
189500 281.766 0 0 290.698 0.19629 0.167453 0.0305085
190000 282.772 0 0 282.772 0.196379 0.1678 0.0305085
190500 282.82 0 0 410.594 0.196399 0.168 0.0305085
191000 281.897 0 0 302.722 0.196351 0.168055 0.0305085
191500 281.551 0 0 284.128 0.196381 0.168273 0.0305085
192000 281.905 0 0 466.222 0.196411 0.168489 0.0305085
192500 282.249 0 0 282.249 0.196395 0.168605 0.0305085
193000 282.69 0 0 672.793 0.196425 0.168817 0.0305085
193500 282.21 0 0 296.968 0.196486 0.169091 0.0305085
194000 282.664 0 0 295.183 0.196567 0.169404 0.0305085
194500 282.516 0 0 295.728 0.196663 0.169746 0.0305085
195000 280.75 0 0 284.76 0.196641 0.169842 0.0305085
195500 282.609 0 0 286.194 0.196757 0.17022 0.0305085
196000 281.654 0 0 282.677 0.196842 0.170531 0.0305085
196500 281.29 0 0 284.567 0.196926 0.170839 0.0305085
197000 280.962 0 0 286.945 0.196909 0.170938 0.0305085
197500 280.923 0 0 282.65 0.196906 0.171067 0.0305085
198000 282.227 0 0 282.227 0.196924 0.171235 0.0305085
198500 281.476 0 0 281.476 0.196997 0.171513 0.0305085
199000 281.278 0 0 282.545 0.19701 0.171667 0.0305085
199500 280.387 0 0 289.976 0.197053 0.171879 0.0305085
200000 280.479 0 0 280.479 0.197135 0.17217 0.0305085
200500 281.58 0 0 296.33 0.197182 0.172388 0.0305085
201000 281.194 0 0 284.848 0.197229 0.172604 0.0305085
201500 281.672 0 0 288.7 0.197191 0.17265 0.0305085
202000 286.027 0 0 362.212 0.197139 0.172667 0.0305085
202500 281.715 0 0 374.129 0.197141 0.17279 0.0305085
203000 280.829 0 0 280.829 0.197148 0.172922 0.0305085
203500 282.397 0 0 289.01 0.197115 0.172976 0.0305085
204000 281.792 0 0 300.967 0.197088 0.173038 0.0305085
204500 280.822 0 0 290.707 0.197027 0.173033 0.0305085
205000 281.643 0 0 284.6 0.197059 0.17321 0.0305085
205500 280.808 0 0 280.808 0.197158 0.173517 0.0305085
206000 282.661 0 0 285.817 0.197223 0.173755 0.0305085
206500 281.255 0 0 292.601 0.197293 0.174 0.0305085
207000 280.549 0 0 280.549 0.1973 0.174121 0.0305085
207500 280.469 0 0 287.406 0.197267 0.174167 0.0305085
208000 281.769 0 0 286.184 0.197226 0.174194 0.0305085
208500 280.843 0 0 280.843 0.197257 0.174359 0.0305085
209000 280.797 0 0 322.666 0.197268 0.174486 0.0305085
209500 282.392 0 0 308.832 0.197227 0.174511 0.0305085
210000 283.204 0 0 287.02 0.197243 0.174645 0.0305085
210500 284.191 0 0 304.126 0.197321 0.174896 0.0305085
211000 283.454 0 0 283.454 0.197403 0.175153 0.0305085
211500 282.13 0 0 295.849 0.197333 0.175121 0.0305085
212000 282.355 0 0 282.355 0.197259 0.17508 0.0305085
212500 282.812 0 0 306.617 0.197214 0.175093 0.0305085
213000 283.25 0 0 318.218 0.197207 0.175177 0.0305085
213500 284.856 0 0 309.884 0.197152 0.175172 0.0305085
214000 281.538 0 0 281.538 0.197159 0.175281 0.0305085
214500 282.588 0 0 331.256 0.197138 0.175336 0.0305085
215000 282.198 0 0 340.911 0.19714 0.175435 0.0305085
215500 283.284 0 0 411.402 0.197109 0.175472 0.0305085
216000 281.873 0 0 281.873 0.197069 0.175491 0.0305085
216500 280.841 0 0 280.841 0.197035 0.175519 0.0305085
217000 280.815 0 0 282.318 0.197009 0.175564 0.0305085
217500 282.348 0 0 282.348 0.196984 0.175609 0.0305085
218000 282.562 0 0 956.869 0.196982 0.175695 0.0305085
218500 281.169 0 0 286.392 0.196957 0.175738 0.0305085
219000 280.149 0 0 281.914 0.197059 0.176017 0.0305085
219500 281.138 0 0 289.874 0.197162 0.176293 0.0305085
220000 280.997 0 0 284.208 0.197164 0.176383 0.0305085
220500 282.779 0 0 329.975 0.197206 0.176548 0.0305085
221000 280.905 0 0 890.684 0.197167 0.176562 0.0305085
221500 280.668 0 0 476.679 0.197205 0.176716 0.0305085
222000 283.343 0 0 283.343 0.197122 0.176648 0.0305085
222500 280.701 0 0 313.362 0.197119 0.176727 0.0305085
223000 280.745 0 0 336.878 0.197121 0.176813 0.0305085
223500 280.542 0 0 288.254 0.197078 0.176818 0.0305085
224000 280.463 0 0 746.77 0.197134 0.177 0.0305085
224500 281.199 0 0 282.599 0.197171 0.177149 0.0305085
225000 281.569 0 0 281.569 0.197236 0.177344 0.0305085
225500 281.623 0 0 315.502 0.197277 0.177498 0.0305085
226000 282.347 0 0 286.492 0.197332 0.177675 0.0305085
226500 281.514 0 0 281.514 0.197342 0.177771 0.0305085
227000 282.604 0 0 312.576 0.197326 0.177819 0.0305085
227500 280.524 0 0 280.524 0.197305 0.177859 0.0305085
228000 281.196 0 0 284.563 0.197342 0.178 0.0305085
228500 283.023 0 0 289.994 0.197313 0.178023 0.0305085
229000 281.567 0 0 283.068 0.197323 0.178116 0.0305085
229500 280.842 0 0 550.604 0.197211 0.177992 0.0305085
230000 280.762 0 0 421.557 0.197161 0.177977 0.0305085
230500 283.656 0 0 286.006 0.197228 0.178169 0.0305085
231000 281.713 0 0 286.362 0.197208 0.178206 0.0305085
231500 281.07 0 0 313.732 0.197201 0.178266 0.0305085
232000 281.292 0 0 283.16 0.197172 0.178288 0.0305085
232500 282.414 0 0 320.959 0.19717 0.178355 0.0305085
233000 282.292 0 0 322.343 0.197167 0.178421 0.0305085
233500 280.744 0 0 281.363 0.197105 0.178382 0.0305085
234000 281.429 0 0 305.94 0.197077 0.178403 0.0305085
234500 281.147 0 0 330.318 0.197011 0.178357 0.0305085
235000 281.08 0 0 285.113 0.196966 0.178348 0.0305085
235500 281.594 0 0 293.872 0.1969 0.178303 0.0305085
236000 281.481 0 0 311.306 0.196822 0.178235 0.0305085
236500 281.684 0 0 281.684 0.196723 0.178132 0.0305085
237000 281.419 0 0 282.2 0.196658 0.178088 0.0305085
237500 280.9 0 0 283.47 0.196615 0.17808 0.0305085
238000 280.946 0 0 414.71 0.196584 0.178094 0.0305085
238500 281.036 0 0 329.579 0.196574 0.178144 0.0305085
239000 282.352 0 0 284.917 0.196519 0.178115 0.0305085
239500 281.324 0 0 542.543 0.196447 0.178057 0.0305085
240000 283.074 0 0 288.324 0.196429 0.178093 0.0305085
240500 280.835 0 0 289.35 0.196453 0.178199 0.0305085
241000 281.82 0 0 286.153 0.196477 0.178305 0.0305085
241500 283.589 0 0 296.678 0.196414 0.178261 0.0305085
242000 282.823 0 0 296.37 0.19638 0.178268 0.0305085
242500 281.647 0 0 306.513 0.196293 0.178182 0.0305085
243000 281.562 0 0 281.562 0.196198 0.178084 0.0305085
243500 282.139 0 0 305.914 0.196181 0.178118 0.0305085
244000 282.105 0 0 296.115 0.196148 0.178125 0.0305085
244500 282.418 0 0 282.418 0.19609 0.17809 0.0305085
245000 281.519 0 0 298.61 0.196041 0.178069 0.0305085
245500 281.22 0 0 283.707 0.196012 0.178082 0.0305085
246000 281.433 0 0 2576.19 0.195988 0.178103 0.0305085
246500 282.237 0 0 282.237 0.195882 0.177986 0.0305085
247000 284.371 0 0 315.003 0.195834 0.177966 0.0305085
247500 282.748 0 0 288.688 0.195762 0.177905 0.0305085
248000 283.113 0 0 297.665 0.195742 0.177932 0.0305085
248500 283.196 0 0 300.565 0.195738 0.177987 0.0305085
249000 284.554 0 0 325.068 0.195679 0.177946 0.0305085
249500 284.681 0 0 473.462 0.195587 0.177853 0.0305085
250000 282.549 0 0 294.856 0.195532 0.17782 0.0305085
250500 283.729 0 0 296.852 0.195401 0.177661 0.0305085
251000 282.775 0 0 339.03 0.195291 0.177536 0.0305085
251500 284.268 0 0 287.186 0.195157 0.177373 0.0305085
252000 282.629 0 0 310.893 0.195052 0.177257 0.0305085
252500 282.983 0 0 282.983 0.194947 0.177141 0.0305085
253000 283.274 0 0 283.274 0.194893 0.177111 0.0305085
253500 282.464 0 0 304.638 0.194801 0.177016 0.0305085
254000 283.393 0 0 336.015 0.194626 0.176786 0.0305085
254500 282.274 0 0 400.716 0.194554 0.176725 0.0305085
255000 282.083 0 0 284.391 0.194467 0.176639 0.0305085
255500 282.676 0 0 312.24 0.194344 0.176495 0.0305085
256000 284.399 0 0 284.399 0.194211 0.176333 0.0305085
256500 282.349 0 0 403.325 0.194113 0.17623 0.0305085
257000 281.659 0 0 391.04 0.194016 0.176127 0.0305085
257500 282.317 0 0 284.075 0.193899 0.175994 0.0305085
258000 282.453 0 0 311.348 0.193795 0.17588 0.0305085
258500 281.486 0 0 281.486 0.193679 0.175748 0.0305085
259000 281.484 0 0 654.54 0.193595 0.175667 0.0305085
259500 283.101 0 0 315.386 0.193457 0.175498 0.0305085
260000 283.356 0 0 283.356 0.193392 0.17545 0.0305085
260500 281.913 0 0 283.093 0.193309 0.175371 0.0305085
261000 282.632 0 0 505.063 0.193211 0.175267 0.0305085
261500 282.095 0 0 282.901 0.193124 0.175183 0.0305085
262000 282.233 0 0 484.47 0.192969 0.174988 0.0305085
262500 284.146 0 0 311.87 0.19293 0.174978 0.0305085
263000 282.505 0 0 315.694 0.192852 0.174908 0.0305085
263500 282.607 0 0 307.731 0.19274 0.174783 0.0305085
264000 283.115 0 0 283.115 0.19258 0.174579 0.0305085
264500 282.727 0 0 298.092 0.192465 0.17445 0.0305085
265000 285.593 0 0 621.05 0.192355 0.174327 0.0305085
265500 285.266 0 0 285.266 0.192301 0.174296 0.0305085
266000 285.783 0 0 441.607 0.192256 0.174277 0.0305085
266500 288.977 0 0 288.977 0.192154 0.174168 0.0305085
267000 283.673 0 0 1184.64 0.19209 0.17412 0.0305085
267500 282.612 0 0 311.403 0.19197 0.173982 0.0305085
268000 282.661 0 0 289.077 0.191892 0.173911 0.0305085
268500 282.623 0 0 311.708 0.191773 0.173774 0.0305085
269000 282.861 0 0 344.031 0.191647 0.173627 0.0305085
269500 282.203 0 0 378.316 0.19157 0.173558 0.0305085
270000 284.153 0 0 3250.7 0.191441 0.173406 0.0305085
270500 282.112 0 0 2401.01 0.191364 0.173337 0.0305085
271000 282.648 0 0 325.116 0.191247 0.173205 0.0305085
271500 281.779 0 0 306.359 0.19116 0.17312 0.0305085
272000 282.013 0 0 286 0.191059 0.173012 0.0305085
272500 282.622 0 0 282.622 0.190928 0.172858 0.0305085
273000 282.331 0 0 283.453 0.190857 0.172798 0.0305085
273500 283.862 0 0 290.639 0.190724 0.17264 0.0305085
274000 284.633 0 0 338.339 0.190664 0.172598 0.0305085
274500 283.07 0 0 285.35 0.190601 0.17255 0.0305085
275000 282.551 0 0 560.713 0.190487 0.172423 0.0305085
275500 281.73 0 0 281.73 0.190377 0.172302 0.0305085
276000 284.317 0 0 427.678 0.190319 0.172261 0.0305085
276500 284.897 0 0 285.627 0.190159 0.172062 0.0305085
277000 284.977 0 0 284.977 0.190011 0.171881 0.0305085
277500 283.663 0 0 701.793 0.189939 0.17182 0.0305085
278000 283.947 0 0 283.947 0.18982 0.171685 0.0305085
278500 283.82 0 0 316.822 0.189724 0.171585 0.0305085
279000 282.099 0 0 358.64 0.189613 0.171464 0.0305085
279500 282.579 0 0 297.959 0.189535 0.171393 0.0305085
280000 282.16 0 0 307.234 0.189436 0.171289 0.0305085
280500 281.851 0 0 614.143 0.18934 0.171191 0.0305085
281000 282.573 0 0 295.926 0.189192 0.171011 0.0305085
281500 283.081 0 0 321.39 0.189115 0.170942 0.0305085
282000 282.41 0 0 292.154 0.189014 0.170835 0.0305085
282500 282.452 0 0 361.794 0.188913 0.170729 0.0305085
283000 283.198 0 0 289.25 0.188845 0.170672 0.0305085
283500 283.76 0 0 314.182 0.188741 0.170561 0.0305085
284000 282.002 0 0 288.489 0.18856 0.170332 0.0305085
284500 284.16 0 0 782.47 0.188404 0.170141 0.0305085
285000 282.579 0 0 1811.08 0.188316 0.170054 0.0305085
285500 283.904 0 0 283.904 0.188235 0.169978 0.0305085
286000 284.435 0 0 284.435 0.188161 0.169914 0.0305085
286500 282.908 0 0 306.637 0.188042 0.16978 0.0305085
287000 284.473 0 0 320.063 0.187955 0.169695 0.0305085
287500 284.794 0 0 505.547 0.18783 0.169552 0.0305085
288000 284.861 0 0 293.569 0.18775 0.169479 0.0305085
288500 283.326 0 0 424.625 0.187681 0.169422 0.0305085
289000 282.641 0 0 379.591 0.187637 0.169402 0.0305085
289500 281.638 0 0 286.959 0.187513 0.169261 0.0305085
290000 281.745 0 0 323.281 0.187428 0.169179 0.0305085
290500 285.114 0 0 315.297 0.187318 0.16906 0.0305085
291000 281.73 0 0 291.774 0.18722 0.168958 0.0305085
291500 281.438 0 0 295.358 0.187142 0.168888 0.0305085
292000 281.869 0 0 288.877 0.187065 0.168818 0.0305085
292500 284.542 0 0 297.8 0.186957 0.168701 0.0305085
293000 282.814 0 0 296.365 0.186881 0.168632 0.0305085
293500 282.461 0 0 339.957 0.186804 0.168563 0.0305085
294000 281.459 0 0 283.168 0.186759 0.168541 0.0305085
294500 282.708 0 0 282.708 0.186713 0.168519 0.0305085
295000 281.479 0 0 286.522 0.186637 0.168451 0.0305085
295500 281.688 0 0 281.688 0.186565 0.168389 0.0305085
296000 282.806 0 0 284.329 0.186483 0.168311 0.0305085
296500 283.316 0 0 1034.63 0.186398 0.168229 0.0305085
297000 282.237 0 0 301.043 0.186343 0.168193 0.0305085
297500 281.426 0 0 285.009 0.186242 0.168086 0.0305085
298000 281.854 0 0 566.46 0.186225 0.168106 0.0305085
298500 281.82 0 0 314.342 0.186147 0.168035 0.0305085
299000 284.45 0 0 284.45 0.186104 0.168015 0.0305085
299500 281.454 0 0 577.2 0.186057 0.16799 0.0305085
300000 282.061 0 0 326.304 0.186033 0.168 0.0305085
300500 281.688 0 0 307.338 0.18594 0.167905 0.0305085
301000 281.084 0 0 284.572 0.185934 0.16794 0.0305085
301500 286.211 0 0 405.376 0.185887 0.167916 0.0305085
302000 282.448 0 0 287.562 0.185848 0.167901 0.0305085
302500 282.019 0 0 282.019 0.185808 0.167886 0.0305085
303000 281.391 0 0 317.246 0.185822 0.167951 0.0305085
303500 281.778 0 0 291.503 0.185733 0.167862 0.0305085
304000 281.728 0 0 1272.92 0.185714 0.167877 0.0305085
304500 283.303 0 0 283.303 0.185711 0.167917 0.0305085
305000 281.986 0 0 323.911 0.185675 0.167907 0.0305085
305500 281.753 0 0 291.818 0.185627 0.167878 0.0305085
306000 283.562 0 0 295.195 0.185569 0.167835 0.0305085
306500 283.453 0 0 334.488 0.185533 0.167826 0.0305085
307000 281.099 0 0 297.68 0.185485 0.167797 0.0305085
307500 283.103 0 0 283.952 0.185473 0.167822 0.0305085
308000 282.155 0 0 287.046 0.185461 0.167846 0.0305085
308500 282.685 0 0 284.082 0.185442 0.167861 0.0305085
309000 282.946 0 0 285.764 0.185405 0.167847 0.0305085
309500 281.133 0 0 289.475 0.18536 0.167823 0.0305085
310000 282.613 0 0 380.437 0.185352 0.167852 0.0305085
310500 282.409 0 0 282.561 0.185366 0.167914 0.0305085
311000 282.577 0 0 296.541 0.185376 0.167972 0.0305085
311500 282.064 0 0 318.132 0.185313 0.16792 0.0305085
312000 281.614 0 0 282.851 0.185292 0.167929 0.0305085
312500 286.083 0 0 312.543 0.18521 0.167849 0.0305085
313000 283.616 0 0 283.616 0.185153 0.167808 0.0305085
313500 281.637 0 0 296.162 0.185116 0.167794 0.0305085
314000 281.645 0 0 282.529 0.185064 0.167757 0.0305085
314500 281.512 0 0 294.808 0.185021 0.167734 0.0305085
315000 285.193 0 0 289.8 0.185006 0.167753 0.0305085
315500 283.849 0 0 283.849 0.18496 0.167726 0.0305085
316000 282.826 0 0 350.058 0.184927 0.167718 0.0305085
316500 281.985 0 0 337.145 0.184869 0.167672 0.0305085
317000 282.151 0 0 282.825 0.184776 0.167576 0.0305085
317500 283.275 0 0 305.141 0.184693 0.167494 0.0305085
318000 283.087 0 0 377.428 0.184642 0.167459 0.0305085
318500 283.792 0 0 295.539 0.184527 0.167332 0.0305085
319000 283.385 0 0 304.46 0.184495 0.167324 0.0305085
319500 281.98 0 0 296.976 0.184454 0.167303 0.0305085
320000 282.166 0 0 1219.78 0.184403 0.167268 0.0305085
320500 281.804 0 0 317.117 0.184353 0.167234 0.0305085
321000 281.926 0 0 284.488 0.184265 0.167145 0.0305085
321500 281.863 0 0 298.187 0.18423 0.167133 0.0305085
322000 282.55 0 0 289.979 0.184186 0.167108 0.0305085
322500 284.077 0 0 317.668 0.184084 0.166998 0.0305085
323000 281.861 0 0 392.781 0.184043 0.166978 0.0305085
323500 281.811 0 0 308.803 0.184009 0.166966 0.0305085
324000 282.363 0 0 378.576 0.183963 0.166937 0.0305085
324500 283.406 0 0 284.135 0.183911 0.1669 0.0305085
325000 285.413 0 0 290.545 0.183846 0.166844 0.0305085
325500 283.299 0 0 344.762 0.183773 0.166776 0.0305085
326000 282.843 0 0 328.211 0.183739 0.166765 0.0305085
326500 282.631 0 0 289.237 0.183672 0.166706 0.0305085
327000 283.198 0 0 667.871 0.183618 0.166665 0.0305085
327500 282.319 0 0 923.528 0.183508 0.166545 0.0305085
328000 284.937 0 0 461.908 0.183412 0.166443 0.0305085
328500 281.83 0 0 281.83 0.183355 0.166398 0.0305085
329000 283.015 0 0 461.563 0.183319 0.166384 0.0305085
329500 281.534 0 0 473.676 0.183269 0.166349 0.0305085
330000 284.068 0 0 284.068 0.183209 0.1663 0.0305085
330500 282.509 0 0 282.509 0.183147 0.166247 0.0305085
331000 283.03 0 0 1815.87 0.183103 0.166221 0.0305085
331500 282.481 0 0 298.47 0.183092 0.166242 0.0305085
332000 282.678 0 0 569.193 0.18303 0.16619 0.0305085
332500 282.2 0 0 336.405 0.182962 0.166129 0.0305085
333000 284.933 0 0 421.326 0.182883 0.166052 0.0305085
333500 281.625 0 0 289.35 0.1829 0.166111 0.0305085
334000 281.84 0 0 282.844 0.182805 0.166013 0.0305085
334500 287.062 0 0 397.286 0.182747 0.165966 0.0305085
335000 281.834 0 0 284.989 0.182734 0.165983 0.0305085
335500 282.686 0 0 288.919 0.182656 0.165907 0.0305085
336000 282.322 0 0 335.38 0.182589 0.165847 0.0305085
336500 281.824 0 0 281.824 0.182529 0.165797 0.0305085
337000 283.343 0 0 528.139 0.182448 0.165717 0.0305085
337500 283.811 0 0 1037.8 0.18235 0.165613 0.0305085
338000 282.206 0 0 284.739 0.182278 0.165546 0.0305085
338500 282.542 0 0 297.021 0.182216 0.165493 0.0305085
339000 283.215 0 0 295.225 0.182171 0.165464 0.0305085
339500 283.91 0 0 287.928 0.182109 0.165411 0.0305085
340000 282.587 0 0 340.212 0.182047 0.165358 0.0305085
340500 283.524 0 0 293.206 0.182021 0.165356 0.0305085
341000 282.475 0 0 329.413 0.181968 0.165315 0.0305085
341500 285.516 0 0 507.007 0.181915 0.165275 0.0305085
342000 284.114 0 0 285.292 0.181901 0.165289 0.0305085
342500 282.149 0 0 309.778 0.181848 0.165249 0.0305085
343000 282.23 0 0 282.23 0.181787 0.165198 0.0305085
343500 283.587 0 0 303.282 0.181723 0.165142 0.0305085
344000 282.762 0 0 362.348 0.181666 0.165094 0.0305085
344500 283.047 0 0 312.201 0.181631 0.16508 0.0305085
345000 283.824 0 0 283.824 0.181568 0.165024 0.0305085
345500 282.695 0 0 308.902 0.181499 0.164961 0.0305085
346000 283.201 0 0 283.497 0.181422 0.164886 0.0305085
346500 283.639 0 0 283.639 0.181345 0.164811 0.0305085
347000 283.237 0 0 293.418 0.181285 0.164761 0.0305085
347500 283.556 0 0 309.738 0.181209 0.164687 0.0305085
348000 282.685 0 0 458.33 0.181181 0.164681 0.0305085
348500 283.67 0 0 296.754 0.181131 0.164644 0.0305085
349000 284.116 0 0 301.859 0.181057 0.164574 0.0305085
349500 284.215 0 0 309.639 0.181016 0.164549 0.0305085
350000 282.665 0 0 667.123 0.180954 0.164496 0.0305085
350500 282.484 0 0 317.023 0.180887 0.164435 0.0305085
351000 283.282 0 0 288.32 0.180815 0.164367 0.0305085
351500 281.983 0 0 281.983 0.180737 0.16429 0.0305085
352000 282.035 0 0 470.963 0.180682 0.164246 0.0305085
352500 282.656 0 0 282.656 0.18063 0.164206 0.0305085
353000 284.372 0 0 315.18 0.180581 0.16417 0.0305085
353500 282.525 0 0 577.044 0.180467 0.164043 0.0305085
354000 281.732 0 0 281.835 0.180376 0.163949 0.0305085
354500 282.812 0 0 348.961 0.180313 0.163894 0.0305085
355000 284.292 0 0 363.067 0.180262 0.163855 0.0305085
355500 283.123 0 0 283.123 0.180172 0.163761 0.0305085
356000 281.965 0 0 544.368 0.180098 0.163691 0.0305085
356500 281.725 0 0 348.54 0.18005 0.163657 0.0305085
357000 283.443 0 0 306.921 0.180006 0.163626 0.0305085
357500 282.136 0 0 288.778 0.179966 0.163604 0.0305085
358000 282.824 0 0 282.824 0.179916 0.163566 0.0305085
358500 283.146 0 0 301.6 0.179858 0.163516 0.0305085
359000 282.101 0 0 305.597 0.179799 0.163467 0.0305085
359500 285.053 0 0 285.053 0.179755 0.163437 0.0305085
360000 282.17 0 0 332.017 0.179714 0.163412 0.0305085
360500 283.802 0 0 311.034 0.17972 0.163451 0.0305085
361000 282.383 0 0 298.704 0.17969 0.163441 0.0305085
361500 283.416 0 0 370.48 0.17969 0.163472 0.0305085
362000 283.58 0 0 291.912 0.179619 0.163405 0.0305085
362500 283.042 0 0 489.395 0.179586 0.16339 0.0305085
363000 281.451 0 0 347.887 0.179565 0.163392 0.0305085
363500 281.725 0 0 341.838 0.179508 0.163343 0.0305085
364000 282.698 0 0 290.966 0.179445 0.163288 0.0305085
364500 282.051 0 0 304.654 0.179391 0.163244 0.0305085
365000 281.553 0 0 286.786 0.179301 0.163151 0.0305085
365500 283.443 0 0 308.481 0.179294 0.163171 0.0305085
366000 281.819 0 0 284.866 0.179191 0.16306 0.0305085
366500 281.959 0 0 281.959 0.179209 0.163114 0.0305085
367000 282.471 0 0 336.217 0.179155 0.163071 0.0305085
367500 282.276 0 0 282.276 0.179148 0.163092 0.0305085
368000 281.487 0 0 297.444 0.179073 0.163019 0.0305085
368500 282.928 0 0 282.928 0.179045 0.163009 0.0305085
369000 282.244 0 0 284.54 0.178981 0.162952 0.0305085
369500 282.833 0 0 282.833 0.178953 0.162942 0.0305085
370000 281.948 0 0 298.458 0.178941 0.162956 0.0305085
370500 282.171 0 0 284.766 0.178891 0.162917 0.0305085
371000 282.209 0 0 543.243 0.178873 0.162923 0.0305085
371500 282.649 0 0 295.263 0.178818 0.162877 0.0305085
372000 283.041 0 0 446.733 0.178763 0.162831 0.0305085
372500 283.049 0 0 315.581 0.178741 0.162829 0.0305085
373000 281.489 0 0 502.065 0.178732 0.162846 0.0305085
373500 283.289 0 0 2436.25 0.17871 0.162845 0.0305085
374000 283.725 0 0 341.887 0.178682 0.162836 0.0305085
374500 281.794 0 0 281.794 0.178611 0.162769 0.0305085
375000 284.924 0 0 299.728 0.178547 0.162709 0.0305085
375500 282.528 0 0 283.035 0.178522 0.162704 0.0305085
376000 282.765 0 0 291.476 0.1785 0.162703 0.0305085
376500 284.204 0 0 284.204 0.178475 0.162698 0.0305085
377000 285.062 0 0 291.569 0.178424 0.162657 0.0305085
377500 284.393 0 0 290.464 0.178376 0.16262 0.0305085
378000 283.638 0 0 344.757 0.178325 0.162579 0.0305085
378500 283.742 0 0 685.161 0.178264 0.162524 0.0305085
379000 282.795 0 0 294.567 0.17823 0.162505 0.0305085
379500 283.779 0 0 404.081 0.17815 0.162426 0.0305085
380000 282.582 0 0 2330.19 0.178061 0.162332 0.0305085
380500 283.658 0 0 287.263 0.177974 0.162242 0.0305085
381000 285.288 0 0 286.581 0.177913 0.162189 0.0305085
381500 284.103 0 0 506.139 0.177809 0.162075 0.0305085
382000 281.963 0 0 3162.57 0.177764 0.162043 0.0305085
382500 282.97 0 0 297.966 0.177697 0.161979 0.0305085
383000 282.919 0 0 282.919 0.177653 0.161947 0.0305085
383500 282.608 0 0 288.969 0.17758 0.161877 0.0305085
384000 282.772 0 0 298.983 0.177523 0.161827 0.0305085
384500 282.582 0 0 308.941 0.177446 0.16175 0.0305085
385000 283.858 0 0 320.813 0.177369 0.161674 0.0305085
385500 283.358 0 0 288.829 0.177305 0.161615 0.0305085
386000 282.607 0 0 314.254 0.177233 0.161545 0.0305085
386500 282.676 0 0 282.676 0.177193 0.161518 0.0305085
387000 281.72 0 0 292.803 0.17714 0.161474 0.0305085
387500 283.705 0 0 412.755 0.177105 0.161454 0.0305085
388000 283.274 0 0 460.522 0.177049 0.161406 0.0305085
388500 283.092 0 0 297.639 0.17705 0.161435 0.0305085
389000 283.499 0 0 283.499 0.17701 0.161408 0.0305085
389500 282.883 0 0 779.557 0.176973 0.161385 0.0305085
390000 285.474 0 0 289.767 0.176941 0.161369 0.0305085
390500 282.246 0 0 593.722 0.176909 0.161353 0.0305085
391000 281.861 0 0 308.865 0.176857 0.161309 0.0305085
391500 281.837 0 0 331.007 0.176825 0.161293 0.0305085
392000 282.204 0 0 282.204 0.176804 0.161291 0.0305085
392500 283.031 0 0 326.291 0.176767 0.161268 0.0305085
393000 284.412 0 0 718.851 0.176751 0.161273 0.0305085
393500 281.925 0 0 294.96 0.17676 0.161312 0.0305085
394000 282.841 0 0 288.159 0.176721 0.161286 0.0305085
394500 283.168 0 0 587.624 0.176659 0.161229 0.0305085
395000 288.392 0 0 288.392 0.176628 0.161214 0.0305085
395500 282.36 0 0 377.993 0.176579 0.161174 0.0305085
396000 282.715 0 0 291.416 0.17653 0.161135 0.0305085
396500 282.428 0 0 299.22 0.176512 0.161137 0.0305085
397000 282.608 0 0 282.608 0.176479 0.161118 0.0305085
397500 285.223 0 0 298.326 0.176413 0.161055 0.0305085
398000 281.907 0 0 637.046 0.176377 0.161034 0.0305085
398500 282.276 0 0 302.61 0.176349 0.161022 0.0305085
399000 282.592 0 0 315.341 0.176311 0.160997 0.0305085
399500 281.769 0 0 294.97 0.176265 0.160962 0.0305085
400000 282.674 0 0 612.966 0.176225 0.160933 0.0305085
400500 282.027 0 0 306.877 0.176187 0.160908 0.0305085
401000 282.148 0 0 283.539 0.176142 0.160874 0.0305085
401500 284.903 0 0 300.615 0.176112 0.160859 0.0305085
402000 282.801 0 0 298.589 0.176072 0.160831 0.0305085
402500 282.5 0 0 282.5 0.17603 0.1608 0.0305085
403000 282.313 0 0 285.914 0.176 0.160785 0.0305085
403500 282.714 0 0 302.78 0.175938 0.160728 0.0305085
404000 282.155 0 0 284.933 0.175876 0.160671 0.0305085
404500 285.576 0 0 285.576 0.175832 0.160637 0.0305085
405000 283.179 0 0 507.465 0.175795 0.160613 0.0305085
405500 282.59 0 0 325.531 0.175709 0.160524 0.0305085
406000 282.219 0 0 282.219 0.17567 0.160497 0.0305085
406500 281.669 0 0 1076.56 0.175643 0.160486 0.0305085
407000 283.55 0 0 306.48 0.175587 0.160436 0.0305085
407500 282.373 0 0 1020.64 0.175566 0.160433 0.0305085
408000 285.044 0 0 291.045 0.175512 0.160386 0.0305085
408500 284.274 0 0 411.418 0.175459 0.16034 0.0305085
409000 282.971 0 0 287.189 0.175416 0.160307 0.0305085
409500 282.819 0 0 304.313 0.175419 0.160336 0.0305085
410000 282.047 0 0 283.508 0.175376 0.160303 0.0305085
410500 282.428 0 0 286.519 0.175337 0.160277 0.0305085
411000 283.706 0 0 312.615 0.175309 0.160264 0.0305085
411500 283.359 0 0 323.699 0.175264 0.160228 0.0305085
412000 284.202 0 0 286.138 0.175204 0.160173 0.0305085
412500 282.723 0 0 282.723 0.175147 0.160122 0.0305085
413000 286.174 0 0 309.122 0.175094 0.160077 0.0305085
413500 283.924 0 0 375.78 0.175033 0.160019 0.0305085
414000 281.901 0 0 297.148 0.174993 0.15999 0.0305085
414500 281.635 0 0 285.408 0.174951 0.159959 0.0305085
415000 282.947 0 0 307.543 0.174918 0.15994 0.0305085
415500 282.922 0 0 531.443 0.174895 0.159933 0.0305085
416000 283.483 0 0 371.248 0.174882 0.15994 0.0305085
416500 283.702 0 0 285.693 0.174833 0.159899 0.0305085
417000 281.916 0 0 284.186 0.174796 0.159874 0.0305085
417500 281.719 0 0 292.51 0.174752 0.159839 0.0305085
418000 281.881 0 0 281.881 0.174706 0.159802 0.0305085
418500 281.643 0 0 291.943 0.17464 0.159739 0.0305085
419000 282.348 0 0 287.093 0.174604 0.159715 0.0305085
419500 282.311 0 0 288.81 0.174546 0.159662 0.0305085
420000 282.612 0 0 378.916 0.174514 0.159644 0.0305085
420500 281.907 0 0 284.564 0.174476 0.159616 0.0305085
421000 282.84 0 0 286.575 0.174482 0.159648 0.0305085
421500 283.401 0 0 323.188 0.174437 0.159611 0.0305085
422000 281.666 0 0 292.836 0.174386 0.159568 0.0305085
422500 281.957 0 0 320.197 0.174324 0.15951 0.0305085
423000 283.905 0 0 295.144 0.174293 0.159492 0.0305085
423500 283.066 0 0 286.761 0.174253 0.159462 0.0305085
424000 283.196 0 0 284.356 0.174224 0.159448 0.0305085
424500 281.843 0 0 281.843 0.174153 0.159378 0.0305085
425000 282.203 0 0 305.772 0.174146 0.159391 0.0305085
425500 281.613 0 0 284.309 0.174125 0.159386 0.0305085
426000 281.735 0 0 290.102 0.174092 0.159365 0.0305085
426500 282.285 0 0 352.813 0.17408 0.159372 0.0305085
427000 282.685 0 0 291.166 0.174052 0.159358 0.0305085
427500 281.727 0 0 290.161 0.174007 0.159322 0.0305085
428000 281.754 0 0 293.917 0.173963 0.159287 0.0305085
428500 282.866 0 0 282.866 0.173939 0.159279 0.0305085
429000 283.441 0 0 306.014 0.173893 0.15924 0.0305085
429500 282.813 0 0 329.616 0.173867 0.159229 0.0305085
430000 282.492 0 0 282.492 0.173835 0.159209 0.0305085
430500 282.799 0 0 290.748 0.173786 0.159168 0.0305085
431000 283.074 0 0 298.134 0.173756 0.159151 0.0305085
431500 284.899 0 0 286.83 0.173717 0.159122 0.0305085
432000 284.597 0 0 294.293 0.173664 0.159075 0.0305085
432500 282.57 0 0 318.567 0.173655 0.159086 0.0305085
433000 283.174 0 0 298.132 0.173612 0.159051 0.0305085
433500 281.728 0 0 389.249 0.173559 0.159004 0.0305085
434000 281.539 0 0 284.522 0.173523 0.158979 0.0305085
434500 281.682 0 0 281.682 0.173507 0.158981 0.0305085
435000 283.588 0 0 295.499 0.173503 0.158997 0.0305085
435500 282.591 0 0 302.783 0.17347 0.158975 0.0305085
436000 281.483 0 0 413.307 0.173427 0.15894 0.0305085
436500 282.109 0 0 294.091 0.173359 0.158874 0.0305085
437000 281.595 0 0 281.595 0.17333 0.158858 0.0305085
437500 281.48 0 0 281.48 0.173346 0.158901 0.0305085
438000 281.438 0 0 283.421 0.173331 0.158902 0.0305085
438500 281.594 0 0 316.177 0.173304 0.158889 0.0305085
439000 282.637 0 0 302.877 0.173282 0.158882 0.0305085
439500 282.308 0 0 282.308 0.173267 0.158884 0.0305085
440000 281.599 0 0 359.907 0.173243 0.158874 0.0305085
440500 281.736 0 0 282.56 0.173221 0.158866 0.0305085
441000 281.758 0 0 283.675 0.173179 0.158833 0.0305085
441500 282.096 0 0 391.73 0.173166 0.158837 0.0305085
442000 282.865 0 0 300.625 0.173143 0.158827 0.0305085
442500 282.253 0 0 432.815 0.173103 0.158797 0.0305085
443000 284.327 0 0 588.536 0.173063 0.158767 0.0305085
443500 282.908 0 0 282.908 0.173051 0.158771 0.0305085
444000 281.776 0 0 282.429 0.173025 0.158759 0.0305085
444500 281.891 0 0 305.371 0.172976 0.158717 0.0305085
445000 283.853 0 0 326.728 0.172971 0.15873 0.0305085
445500 281.694 0 0 295.899 0.172947 0.158721 0.0305085
446000 282.366 0 0 294.974 0.172917 0.158702 0.0305085
446500 282.451 0 0 288.347 0.172894 0.158693 0.0305085
447000 281.918 0 0 305.97 0.172886 0.158703 0.0305085
447500 281.679 0 0 428.9 0.172878 0.158714 0.0305085
448000 281.511 0 0 296.087 0.172868 0.158721 0.0305085
448500 282.317 0 0 290.58 0.172863 0.158735 0.0305085
449000 281.784 0 0 299.416 0.172791 0.158662 0.0305085
449500 281.875 0 0 371.498 0.172763 0.158647 0.0305085
450000 282.641 0 0 282.641 0.172758 0.15866 0.0305085
450500 282.973 0 0 342.652 0.172717 0.158628 0.0305085
451000 281.501 0 0 309.694 0.172736 0.158672 0.0305085
451500 281.918 0 0 383.039 0.172711 0.15866 0.0305085
452000 282.774 0 0 283.881 0.172688 0.158651 0.0305085
452500 281.972 0 0 477.734 0.172648 0.158618 0.0305085
453000 281.811 0 0 290.045 0.17262 0.158603 0.0305085
453500 281.894 0 0 284.253 0.1726 0.158597 0.0305085
454000 283.45 0 0 287.988 0.172604 0.158621 0.0305085
454500 282.766 0 0 282.766 0.172592 0.158626 0.0305085
455000 282.278 0 0 284.341 0.172554 0.158597 0.0305085
455500 281.976 0 0 316.821 0.172575 0.158644 0.0305085
456000 283.829 0 0 1713.1 0.172555 0.158638 0.0305085
456500 283.516 0 0 294.01 0.172537 0.158634 0.0305085
457000 282.059 0 0 282.059 0.172492 0.158597 0.0305085
457500 284.29 0 0 304.105 0.172446 0.158557 0.0305085
458000 281.937 0 0 290.058 0.172432 0.158559 0.0305085
458500 281.56 0 0 308.807 0.172447 0.158597 0.0305085
459000 281.575 0 0 294.975 0.172429 0.158593 0.0305085
459500 281.63 0 0 313.995 0.172385 0.158556 0.0305085
460000 282.438 0 0 617.061 0.172361 0.158544 0.0305085
460500 283.743 0 0 288.424 0.172308 0.158497 0.0305085
461000 282.152 0 0 294.882 0.172291 0.158493 0.0305085
461500 281.648 0 0 302.665 0.172284 0.158503 0.0305085
462000 281.49 0 0 289.048 0.172284 0.158522 0.0305085
462500 283.066 0 0 283.066 0.172259 0.15851 0.0305085
463000 282.818 0 0 305.167 0.172238 0.158501 0.0305085
463500 282.496 0 0 296.978 0.172231 0.158512 0.0305085
464000 282.966 0 0 298.728 0.172222 0.158519 0.0305085
464500 281.84 0 0 318.796 0.172194 0.158502 0.0305085
465000 281.325 0 0 281.325 0.172187 0.158512 0.0305085
465500 281.82 0 0 281.82 0.172172 0.158512 0.0305085
466000 283.69 0 0 299.297 0.172135 0.158484 0.0305085
466500 283.915 0 0 382.163 0.172116 0.158477 0.0305085
467000 282.234 0 0 333.143 0.172047 0.158409 0.0305085
467500 281.535 0 0 491.292 0.172009 0.158378 0.0305085
468000 282.102 0 0 282.102 0.171991 0.158375 0.0305085
468500 282.755 0 0 391.296 0.171981 0.15838 0.0305085
469000 283.528 0 0 294.944 0.171966 0.158379 0.0305085
469500 282.323 0 0 302.395 0.171942 0.158368 0.0305085
470000 281.339 0 0 464.119 0.171923 0.158362 0.0305085
470500 281.519 0 0 285.888 0.171894 0.158343 0.0305085
471000 281.233 0 0 288.503 0.171909 0.15838 0.0305085
471500 282.334 0 0 341.231 0.171885 0.158369 0.0305085
472000 283.182 0 0 329.465 0.171879 0.158379 0.0305085
472500 286.41 0 0 363.062 0.171869 0.158384 0.0305085
473000 283.393 0 0 412.867 0.171869 0.158402 0.0305085
473500 284.696 0 0 631.825 0.171854 0.158402 0.0305085
474000 287.096 0 0 347.115 0.171857 0.158422 0.0305085
474500 290.32 0 0 304.717 0.171819 0.158393 0.0305085
475000 288.042 0 0 321.665 0.171783 0.158365 0.0305085
475500 287.749 0 0 450.443 0.171767 0.158362 0.0305085
476000 284.725 0 0 566.016 0.171754 0.158364 0.0305085
476500 282.125 0 0 306.645 0.171738 0.158361 0.0305085
477000 282.904 0 0 287.982 0.171721 0.158358 0.0305085
477500 281.299 0 0 284.898 0.171688 0.158334 0.0305085
478000 281.641 0 0 281.641 0.171669 0.158328 0.0305085
478500 282.36 0 0 306.221 0.171687 0.158367 0.0305085
479000 281.469 0 0 284.246 0.171693 0.158393 0.0305085
479500 282.075 0 0 283.349 0.171689 0.158406 0.0305085
480000 282.445 0 0 336.763 0.171685 0.158418 0.0305085
480500 282.866 0 0 294.019 0.171677 0.158426 0.0305085
481000 283.305 0 0 1208.84 0.171692 0.158462 0.0305085
481500 282.29 0 0 329.118 0.171672 0.158453 0.0305085
482000 282.416 0 0 285.562 0.171633 0.158421 0.0305085
482500 281.276 0 0 357.035 0.171615 0.158416 0.0305085
483000 281.637 0 0 435.315 0.171607 0.158423 0.0305085
483500 281.62 0 0 430.988 0.17159 0.15842 0.0305085
484000 282.593 0 0 307.695 0.171552 0.158388 0.0305085
484500 281.604 0 0 336.43 0.171536 0.158385 0.0305085
485000 281.952 0 0 469.064 0.17152 0.158382 0.0305085
485500 282.396 0 0 282.396 0.171504 0.158379 0.0305085
486000 285.176 0 0 285.176 0.171514 0.158409 0.0305085
486500 282.823 0 0 387.534 0.171513 0.158424 0.0305085
487000 283.915 0 0 386.602 0.171456 0.15837 0.0305085
487500 281.428 0 0 340.037 0.171461 0.158392 0.0305085
488000 282.407 0 0 312.483 0.171441 0.158384 0.0305085
488500 281.47 0 0 283.95 0.17146 0.158425 0.0305085
489000 281.926 0 0 365.287 0.17144 0.158416 0.0305085
489500 281.659 0 0 281.659 0.171426 0.158416 0.0305085
490000 283.383 0 0 283.383 0.171382 0.158377 0.0305085
490500 285.855 0 0 303.566 0.171392 0.158407 0.0305085
491000 283.787 0 0 289.123 0.171369 0.158394 0.0305085
491500 286.553 0 0 303.71 0.171355 0.158393 0.0305085
492000 286.552 0 0 329.951 0.17135 0.158403 0.0305085
492500 285.334 0 0 317.796 0.171346 0.158415 0.0305085
493000 284.51 0 0 323.429 0.171318 0.158397 0.0305085
493500 282.337 0 0 305.456 0.171297 0.158386 0.0305085
494000 282.615 0 0 316.565 0.171283 0.158386 0.0305085
494500 283.593 0 0 283.593 0.171262 0.158375 0.0305085
495000 282.787 0 0 309.042 0.171226 0.158347 0.0305085
495500 283.122 0 0 396.931 0.171179 0.158303 0.0305085
496000 282.965 0 0 1096.52 0.171167 0.158306 0.0305085
496500 284.423 0 0 296.472 0.171172 0.158328 0.0305085
497000 281.592 0 0 893.41 0.171133 0.158295 0.0305085
497500 282.504 0 0 552.543 0.17111 0.158282 0.0305085
498000 282.952 0 0 287.253 0.171088 0.158271 0.0305085
498500 283.556 0 0 359.06 0.171061 0.158253 0.0305085
499000 284.813 0 0 284.813 0.171032 0.158233 0.0305085
499500 283.627 0 0 283.627 0.170989 0.158195 0.0305085
500000 282.811 0 0 288.849 0.170966 0.158183 0.0305085
500500 281.789 0 0 516.888 0.170943 0.15817 0.0305085
501000 282.304 0 0 284.086 0.170928 0.158167 0.0305085
501500 281.786 0 0 284.999 0.170875 0.158117 0.0305085
502000 282.162 0 0 303.714 0.170871 0.158127 0.0305085
502500 281.618 0 0 282.555 0.170838 0.158102 0.0305085
503000 281.857 0 0 349.078 0.170785 0.158052 0.0305085
503500 282.474 0 0 365.437 0.170753 0.158027 0.0305085
504000 281.676 0 0 286.593 0.170726 0.15801 0.0305085
504500 284.295 0 0 308.523 0.17072 0.158017 0.0305085
505000 286.153 0 0 296.878 0.170659 0.157958 0.0305085
505500 287.176 0 0 288.813 0.170649 0.157961 0.0305085
506000 284.807 0 0 308.256 0.170619 0.157938 0.0305085
506500 284.233 0 0 403.764 0.170616 0.157951 0.0305085
507000 283.718 0 0 306.346 0.170609 0.157958 0.0305085
507500 282.023 0 0 400.726 0.170579 0.157936 0.0305085
508000 282.859 0 0 420.274 0.170551 0.157917 0.0305085
508500 281.537 0 0 290.422 0.170501 0.15787 0.0305085
509000 281.632 0 0 318.529 0.170464 0.157839 0.0305085
509500 282.279 0 0 282.279 0.170387 0.157758 0.0305085
510000 287.194 0 0 406.156 0.170357 0.157737 0.0305085
510500 283.281 0 0 1158.05 0.170319 0.157705 0.0305085
511000 283.399 0 0 931.812 0.17028 0.157672 0.0305085
511500 281.727 0 0 282.855 0.170246 0.157645 0.0305085
512000 283.509 0 0 507.443 0.170189 0.15759 0.0305085
512500 283.373 0 0 1787.77 0.170178 0.15759 0.0305085
513000 281.578 0 0 383.466 0.170129 0.157545 0.0305085
513500 282.243 0 0 351.022 0.170074 0.157492 0.0305085
514000 282.463 0 0 302.824 0.170045 0.157471 0.0305085
514500 282.259 0 0 342.843 0.170008 0.15744 0.0305085
515000 282.06 0 0 312.284 0.169967 0.157405 0.0305085
515500 282.526 0 0 364.46 0.16994 0.157386 0.0305085
516000 282.044 0 0 283.928 0.169897 0.157349 0.0305085
516500 282.427 0 0 285.724 0.169864 0.157323 0.0305085
517000 283.427 0 0 283.427 0.169834 0.1573 0.0305085
517500 281.741 0 0 289.118 0.169795 0.157267 0.0305085
518000 281.602 0 0 281.602 0.169797 0.157285 0.0305085
518500 284.69 0 0 284.69 0.169763 0.157257 0.0305085
519000 283.233 0 0 283.233 0.169767 0.157277 0.0305085
519500 282.245 0 0 306.856 0.169752 0.157273 0.0305085
520000 282.222 0 0 291.655 0.169721 0.15725 0.0305085
520500 282.035 0 0 294.036 0.169693 0.157229 0.0305085
521000 282.392 0 0 285.675 0.169676 0.157223 0.0305085
521500 282.558 0 0 463.807 0.169659 0.157217 0.0305085
522000 282.407 0 0 340.064 0.169653 0.157225 0.0305085
522500 282.783 0 0 773.421 0.169613 0.157191 0.0305085
523000 285.092 0 0 294.478 0.169568 0.157149 0.0305085
523500 282.679 0 0 283.489 0.169542 0.157131 0.0305085
524000 281.923 0 0 298.114 0.169513 0.157111 0.0305085
524500 282.011 0 0 330.925 0.169483 0.157088 0.0305085
525000 282.729 0 0 283.359 0.169444 0.157054 0.0305085
525500 283.398 0 0 286 0.169418 0.157036 0.0305085
526000 284.044 0 0 404.984 0.169388 0.157014 0.0305085
526500 282.14 0 0 1082.04 0.169337 0.156966 0.0305085
527000 281.71 0 0 282.962 0.169323 0.156963 0.0305085
527500 281.745 0 0 288.77 0.169283 0.156929 0.0305085
528000 281.665 0 0 316.821 0.169259 0.156914 0.0305085
528500 283.152 0 0 405.072 0.169211 0.156868 0.0305085
529000 282.295 0 0 283.702 0.169168 0.15683 0.0305085
529500 282.755 0 0 383.54 0.169141 0.15681 0.0305085
530000 282.026 0 0 419.402 0.169081 0.156751 0.0305085
530500 282.673 0 0 550.769 0.169041 0.156715 0.0305085
531000 282.612 0 0 298.023 0.169023 0.156708 0.0305085
531500 282.085 0 0 282.085 0.168995 0.156688 0.0305085
532000 283.02 0 0 288.415 0.168972 0.156674 0.0305085
532500 281.737 0 0 283.016 0.168952 0.156664 0.0305085
533000 284.528 0 0 291.776 0.168944 0.156667 0.0305085
533500 284.195 0 0 327.49 0.168924 0.156657 0.0305085
534000 281.897 0 0 406.371 0.168891 0.156631 0.0305085
534500 282.858 0 0 637.444 0.168855 0.156601 0.0305085
535000 283.72 0 0 286.08 0.168858 0.156618 0.0305085
535500 283.714 0 0 311.991 0.168807 0.156569 0.0305085
536000 284.433 0 0 580.545 0.16878 0.15655 0.0305085
536500 282.197 0 0 298.599 0.168755 0.156534 0.0305085
537000 282.004 0 0 295.845 0.168736 0.156524 0.0305085
537500 281.569 0 0 353.136 0.168701 0.156496 0.0305085
538000 282.037 0 0 300.646 0.16866 0.156459 0.0305085
538500 283.528 0 0 301.335 0.168618 0.156422 0.0305085
539000 282.418 0 0 405.273 0.168566 0.156371 0.0305085
539500 281.631 0 0 305.706 0.168547 0.156362 0.0305085
540000 283.77 0 0 300.459 0.168535 0.156361 0.0305085
540500 284.281 0 0 380.926 0.168511 0.156345 0.0305085
541000 285.035 0 0 405.779 0.168473 0.156313 0.0305085
541500 282.466 0 0 282.466 0.168434 0.156279 0.0305085
542000 283.572 0 0 692.728 0.168399 0.156249 0.0305085
542500 284.294 0 0 341.086 0.168363 0.156219 0.0305085
543000 283.415 0 0 317.029 0.168343 0.156208 0.0305085
543500 283.183 0 0 332.65 0.168324 0.156198 0.0305085
544000 282.883 0 0 287.961 0.1683 0.156182 0.0305085
544500 282.45 0 0 722.05 0.168255 0.156142 0.0305085
545000 283.45 0 0 330.816 0.168194 0.156081 0.0305085
545500 282.125 0 0 289.1 0.168178 0.156074 0.0305085
546000 282.097 0 0 475.857 0.168128 0.156027 0.0305085
546500 282.823 0 0 282.823 0.168088 0.155991 0.0305085
547000 282.182 0 0 311.617 0.168106 0.156027 0.0305085
547500 282.001 0 0 303.412 0.168128 0.156067 0.0305085
548000 285.056 0 0 337.241 0.168097 0.156042 0.0305085
548500 282.623 0 0 284.706 0.168073 0.156027 0.0305085
549000 282.156 0 0 384.78 0.168031 0.155989 0.0305085
549500 283.457 0 0 289.667 0.168016 0.155984 0.0305085
550000 283.143 0 0 283.143 0.167982 0.155956 0.0305085
550500 282.353 0 0 291.408 0.167962 0.155945 0.0305085
551000 282.6 0 0 355.202 0.16792 0.155907 0.0305085
551500 284.512 0 0 407.105 0.167913 0.155911 0.0305085
552000 284.184 0 0 295.284 0.167879 0.155883 0.0305085
552500 281.886 0 0 287.536 0.167861 0.155874 0.0305085
553000 282.307 0 0 286.027 0.167854 0.155879 0.0305085
553500 284.99 0 0 287.911 0.167827 0.155859 0.0305085
554000 283.926 0 0 493.498 0.167792 0.15583 0.0305085
554500 282.444 0 0 319.541 0.167784 0.155833 0.0305085
555000 282.837 0 0 282.837 0.167753 0.155809 0.0305085
555500 282.599 0 0 321.154 0.167712 0.155772 0.0305085
556000 283.59 0 0 283.59 0.167689 0.155757 0.0305085
556500 281.591 0 0 318.825 0.167666 0.155742 0.0305085
557000 282.033 0 0 282.261 0.167637 0.15572 0.0305085
557500 282.395 0 0 293.879 0.167591 0.155677 0.0305085
558000 282.146 0 0 289.171 0.167559 0.155651 0.0305085
558500 282.162 0 0 285.875 0.167506 0.155599 0.0305085
559000 282.966 0 0 356.871 0.16747 0.155569 0.0305085
559500 281.47 0 0 284.059 0.167453 0.15556 0.0305085
560000 281.699 0 0 295.551 0.167427 0.155541 0.0305085
560500 282.161 0 0 1204.34 0.167417 0.155542 0.0305085
561000 284.418 0 0 288.824 0.167406 0.155542 0.0305085
561500 289.661 0 0 292.472 0.167393 0.155538 0.0305085
562000 288.499 0 0 363.081 0.167388 0.155545 0.0305085
562500 282.146 0 0 299.009 0.16738 0.155548 0.0305085
563000 282.728 0 0 286.409 0.167355 0.155531 0.0305085
563500 282.613 0 0 621.554 0.167358 0.155547 0.0305085
564000 281.717 0 0 285.326 0.16733 0.155526 0.0305085
564500 281.773 0 0 281.773 0.167316 0.155522 0.0305085
565000 282.189 0 0 283.961 0.167296 0.15551 0.0305085
565500 282.396 0 0 291.201 0.167286 0.15551 0.0305085
566000 286.899 0 0 324.941 0.167306 0.155547 0.0305085
566500 282.106 0 0 337.142 0.167287 0.155537 0.0305085
567000 283.967 0 0 290.642 0.167272 0.155531 0.0305085
567500 282.897 0 0 295.033 0.167235 0.155499 0.0305085
568000 282.434 0 0 294.993 0.167206 0.155476 0.0305085
568500 282.167 0 0 287.073 0.167186 0.155464 0.0305085
569000 282.666 0 0 315.588 0.167158 0.155443 0.0305085
569500 284.662 0 0 433.914 0.16714 0.155433 0.0305085
570000 284.276 0 0 325.004 0.167119 0.155421 0.0305085
570500 283.656 0 0 287.225 0.167131 0.155447 0.0305085
571000 282.64 0 0 317.517 0.167107 0.155431 0.0305085
571500 283.114 0 0 284.476 0.167081 0.155413 0.0305085
572000 281.398 0 0 332.851 0.16708 0.155424 0.0305085
572500 281.867 0 0 293.773 0.167059 0.15541 0.0305085
573000 281.796 0 0 282.378 0.167044 0.155404 0.0305085
573500 281.933 0 0 281.933 0.16701 0.155375 0.0305085
574000 282.733 0 0 303.928 0.166981 0.155352 0.0305085
574500 282.717 0 0 292.643 0.166943 0.155319 0.0305085
575000 285.697 0 0 297.734 0.166943 0.155331 0.0305085
575500 283.627 0 0 283.627 0.166912 0.155306 0.0305085
576000 285.159 0 0 771.271 0.166882 0.155282 0.0305085
576500 284.112 0 0 287.564 0.166843 0.155247 0.0305085
577000 282.456 0 0 286.663 0.166818 0.155229 0.0305085
577500 283.304 0 0 285.953 0.166791 0.155208 0.0305085
578000 282.8 0 0 282.8 0.16676 0.155182 0.0305085
578500 282.38 0 0 309.764 0.166742 0.155172 0.0305085
579000 284.783 0 0 288.348 0.166724 0.155163 0.0305085
579500 281.753 0 0 282.113 0.166704 0.155151 0.0305085
580000 281.932 0 0 329.455 0.166648 0.155096 0.0305085
580500 282.245 0 0 282.245 0.166625 0.15508 0.0305085
581000 281.558 0 0 286.144 0.166601 0.155062 0.0305085
581500 282.423 0 0 299.677 0.166573 0.15504 0.0305085
582000 282.691 0 0 287.877 0.16656 0.155037 0.0305085
582500 282.478 0 0 298.366 0.166544 0.15503 0.0305085
583000 281.514 0 0 288.342 0.16652 0.155012 0.0305085
583500 281.617 0 0 355.741 0.1665 0.155001 0.0305085
584000 282.57 0 0 350.611 0.166497 0.155008 0.0305085
584500 282.283 0 0 471.995 0.166482 0.155003 0.0305085
585000 284.916 0 0 292.311 0.166455 0.154981 0.0305085
585500 285.064 0 0 285.064 0.166449 0.154987 0.0305085
586000 282.093 0 0 362.94 0.166418 0.154961 0.0305085
586500 283.026 0 0 335.761 0.166392 0.154941 0.0305085
587000 282.737 0 0 288.539 0.166363 0.154918 0.0305085
587500 283.254 0 0 288.462 0.166323 0.154882 0.0305085
588000 282.705 0 0 282.705 0.166306 0.154873 0.0305085
588500 283.655 0 0 283.655 0.166285 0.15486 0.0305085
589000 285.199 0 0 287.435 0.166255 0.154834 0.0305085
589500 282.538 0 0 406.64 0.166253 0.154844 0.0305085
590000 282.835 0 0 345.458 0.166207 0.1548 0.0305085
590500 282.047 0 0 322.727 0.166191 0.154793 0.0305085
591000 282.039 0 0 290.979 0.166164 0.154772 0.0305085
591500 282.121 0 0 372.67 0.166179 0.154802 0.0305085
592000 282.343 0 0 309.108 0.166145 0.154772 0.0305085
592500 281.993 0 0 281.993 0.166125 0.154759 0.0305085
593000 281.491 0 0 502.881 0.16611 0.154753 0.0305085
593500 281.731 0 0 318.969 0.166081 0.154729 0.0305085
594000 282.031 0 0 531.222 0.166076 0.154735 0.0305085
594500 281.661 0 0 531.854 0.166047 0.154712 0.0305085
595000 281.583 0 0 329.152 0.166 0.154667 0.0305085
595500 283.37 0 0 322.446 0.165975 0.154648 0.0305085
596000 281.7 0 0 282.436 0.165958 0.154639 0.0305085
596500 282.039 0 0 447.5 0.165928 0.154614 0.0305085
597000 282.019 0 0 285.278 0.165913 0.154608 0.0305085
597500 282.001 0 0 321.134 0.165903 0.154607 0.0305085
598000 281.911 0 0 287.653 0.16587 0.154578 0.0305085
598500 281.564 0 0 300.711 0.165831 0.154544 0.0305085
599000 281.656 0 0 282.161 0.165798 0.154515 0.0305085
599500 281.729 0 0 545.044 0.165763 0.154484 0.0305085
600000 283.765 0 0 283.765 0.165752 0.154482 0.0305085
